3.244790649414062284e-02 0.000000000000000000e+00
3.362240648269653603e-02 4.681799888610839802e-03
4.006190633773804022e-02 1.053809928894042930e-02
4.591820621490478455e-02 1.405350017547607466e-02
5.177450561523437578e-02 1.639439964294433713e-02
5.762270545959472662e-02 1.815209960937499978e-02
6.347900581359863792e-02 1.873530006408691273e-02
6.933530426025390214e-02 1.990979957580566242e-02
7.519160842895507291e-02 1.990979957580566242e-02
7.870700454711913874e-02 1.873530006408691273e-02
8.690420532226562911e-02 2.225069808959960829e-02
9.276050567626953347e-02 2.459160041809082056e-02
9.861680603027343783e-02 2.576609992980957026e-02
1.044731063842773422e-01 2.752379989624023290e-02
1.103294067382812466e-01 2.869020080566406228e-02
1.161776046752929642e-01 2.986470031738281197e-02
1.220339050292968686e-01 3.103109931945800815e-02
1.278902053833007868e-01 3.162240028381347462e-02
1.337465057373046773e-01 3.220560073852538757e-02
1.396028137207031283e-01 3.278879928588867426e-02
1.454591064453125138e-01 3.338010025024414074e-02
1.513154067993164043e-01 3.396329879760742049e-02
1.571717071533203225e-01 3.396329879760742049e-02
1.630279998779296802e-01 3.454650115966796664e-02
1.688843078613281312e-01 3.454650115966796664e-02
1.747325134277343817e-01 3.512969970703125333e-02
1.805888061523437393e-01 3.454650115966796664e-02
1.864451141357421904e-01 3.396329879760742049e-02
1.923014068603515758e-01 3.338010025024414074e-02
1.981576995849609335e-01 3.278879928588867426e-02
2.040140075683593845e-01 3.162240028381347462e-02
2.098703002929687422e-01 3.044790077209472492e-02
2.157266082763671933e-01 2.869020080566406228e-02
2.215829162597656166e-01 2.634930038452148321e-02
2.274392089843750020e-01 2.283389854431152471e-02
2.332874145507812524e-01 1.815209960937499978e-02
2.391437072753906379e-01 1.112940025329589924e-02
2.420759124755859359e-01 7.022699832916259703e-03
2.438336029052734499e-01 4.098599910736084283e-03
2.449999999999999956e-01 0.000000000000000000e+00
