3.244790649414062284e-02 0.000000000000000000e+00
3.362240648269653603e-02 -7.022699832916259703e-03
3.420560657978057723e-02 -9.371700286865234861e-03
4.006190633773804022e-02 -1.756890106201172003e-02
4.591820621490478455e-02 -3.103109931945800815e-02
5.177450561523437578e-02 -4.508459854125976274e-02
5.762270545959472662e-02 -5.211540222167968667e-02
6.347900581359863792e-02 -5.621400070190429865e-02
6.933530426025390214e-02 -5.855489730834961132e-02
7.519160842895507291e-02 -6.031259918212890370e-02
8.104790878295899115e-02 -6.147900009155273654e-02
8.690420532226562911e-02 -6.207030105590820301e-02
9.276050567626953347e-02 -6.323670196533202892e-02
9.276050567626949184e-02 -6.323670196533202892e-02
9.861680603027343783e-02 -6.382799911499023593e-02
1.103294067382812466e-01 -6.382799911499023593e-02
1.161776046752929642e-01 -6.323670196533202892e-02
1.278902053833007868e-01 -6.323670196533202892e-02
1.337465057373046773e-01 -6.265350341796875611e-02
1.396028137207031283e-01 -6.207030105590820301e-02
1.454591064453125138e-01 -6.089580154418944985e-02
1.513154067993164043e-01 -6.031259918212890370e-02
1.571717071533203225e-01 -5.855489730834961132e-02
1.630279998779296802e-01 -5.621400070190429865e-02
1.688843078613281312e-01 -5.621400070190429865e-02
1.747325134277343817e-01 -5.563079833984375250e-02
1.805888061523437393e-01 -5.328180313110351257e-02
1.864451141357421904e-01 -5.153219985961914051e-02
1.923014068603515758e-01 -4.977449798583984120e-02
1.981576995849609335e-01 -4.743360137939452853e-02
2.040140075683593845e-01 -4.508459854125976274e-02
2.098703002929687422e-01 -4.216049957275390392e-02
2.157266082763671933e-01 -3.922829818725585838e-02
2.215829162597656166e-01 -3.512969970703125333e-02
2.274392089843750020e-01 -3.103109931945800815e-02
2.391437072753906379e-01 -1.873530006408691273e-02
2.420759124755859359e-01 -1.522799968719482436e-02
2.438336029052734499e-01 -1.053809928894042930e-02
2.449999999999999956e-01 0.000000000000000000e+00
